id=1|prob=0.333300|proto=all|srcip=10.10.0.1|dstip=10.10.11.1|bw=1234|delay=100|loss=0.000000
id=2|prob=0.500000|proto=all|srcip=10.10.0.1|dstip=10.10.11.1|bw=bw0014.txt|delay=250|loss=0.000000
id=3|prob=0.500000|proto=all|srcip=10.10.0.1|dstip=10.10.11.1|bw=2468|delay=1000|loss=0.001000
